
**********************************************
wt40-1.txt
SOLUTION FINALE: 
	    7   15   11    9   22   18   31   13   35    3   34   20   19    0   37    5   39    1    8    2   16   23   32   24   10    6   36   25   29    4   30   28   38   26   17   14   12   27   21   33	Fitness:   9427

NOMBRE EVALUATIONS: 2/1
**********************************************

**********************************************
wt40-1.txt
SOLUTION FINALE: 
	   32   33   30    6   15   35    5   36    2   11    8   20   19    7   24   34   17   37   21    1   28   25   14   16   18    4   38   27   12    3   13   26   31    9    0   10   39   22   29   23	Fitness:   6713

NOMBRE EVALUATIONS: 2/1
**********************************************

**********************************************
wt40-1.txt
SOLUTION FINALE: 
	   12   13    1   30   31    6    3    8   22   24   39   33    5   38   10   17    7    0   27   21   20   34   28   36    9   29   18   26   25    2   23   32   16    4   37   14   11   35   15   19	Fitness:  15121

NOMBRE EVALUATIONS: 2/1
**********************************************

**********************************************
wt40-1.txt
SOLUTION FINALE: 
	   15   19   31    1    9   11   24   25    4   10    5   28   23   17   13   18    0   38   16   32   36   21   29    3    8   30   20   33   14   34    7   27   12   37   26   35   22    6    2   39	Fitness:  11796

NOMBRE EVALUATIONS: 5/5
**********************************************

**********************************************
wt40-1.txt
SOLUTION FINALE: 
	   34    9    1   23    2   18    7    3    5   29   27   20   25   26   12   35   24    8   17   36   19   38    6   32    0   33   37   22   16   13   39   10   15    4   14   28   21   11   30   31	Fitness:  11116

NOMBRE EVALUATIONS: 5/5
**********************************************

**********************************************
wt40-1.txt
SOLUTION FINALE: 
	   17   26    1   22   38   35    5   19   30   14   27   23   31   15    9   39   37   18   33   28   25    0   24    3    4   13    6    8   21    7   16   29   12   20   32   10   34   11   36    2	Fitness:  11795

NOMBRE EVALUATIONS: 5/5
**********************************************

**********************************************
wt40-1.txt
SOLUTION FINALE: 
	   25   27    3    8   14   38   36   13    0    5   33   16   22   10   34   24   21   37   11   15   32   12   39   30   19   17   29    4   20   35   28    7   31    9   23    6    1    2   18   26	Fitness:   9099

NOMBRE EVALUATIONS: 5/5
**********************************************

**********************************************
wt40-1.txt
SOLUTION FINALE: 
	   14   39   36   16    3   30   23   35   10   21   19   11   25   34   29   28   15    0    2    1   32   31   26    6   27    8    5   33   13   12   17   38    7   37    9   24   20   22    4   18	Fitness:  14365

NOMBRE EVALUATIONS: 5/5
**********************************************

**********************************************
wt40-1.txt
SOLUTION FINALE: 
	   26   39    0    6   18   15   11   17    8   24   13   23   16   34   31   10   14   32   28   20   36   22   12    5   35   37    1   21   19   38    2   33    7   30   29    9    4   27   25    3	Fitness:  10280

NOMBRE EVALUATIONS: 5/5
**********************************************

**********************************************
wt40-1.txt
SOLUTION FINALE: 
	   25   15   36   21   27   12   39   16   23    7   31   29   22   37   24    2    5    1   19   13    6   30   11   18   34   32   20   26   35    4    0   14   38   28   10   33    9    8    3   17	Fitness:  13432

NOMBRE EVALUATIONS: 5/5
**********************************************

**********************************************
wt40-1.txt
SOLUTION FINALE: 
	   33    4   38   15   26   34   21   39    9   23   27   12   29   19    6    7   18   22    0   11   28    3   16   25   13    1   10    8   17   32   24   36    5   35   20   37   30    2   14   31	Fitness:  19715

NOMBRE EVALUATIONS: 5/5
**********************************************

**********************************************
wt40-1.txt
SOLUTION FINALE: 
	   23   26    7   21   22    5   24    2   32   18   20   14   27    9    3   35    4   11   16   28   30   38   15    0   19   12   33   17    1   13    6    8   37   25   34   39   10   31   29   36	Fitness:  10957

NOMBRE EVALUATIONS: 5/5
**********************************************

**********************************************
wt40-1.txt
SOLUTION FINALE: 
	   38   39   34   10    9   13   15   32    0   24   11    8   23   26    2   25    5   37   22   18   35   36   29    3   33   17    1    7    4   28   21   16   14    6   31   27   30   12   19   20	Fitness:   9368

NOMBRE EVALUATIONS: 5/5
**********************************************

**********************************************
wt40-1.txt
SOLUTION FINALE: 
	   14   19   38   33   18    1   29   16    2   11   30   23   13   26   17   31    8   15   39   28   34   24    6   12   37   36    3   10    9   25   35   20    5   22   27    4   32   21    7    0	Fitness:  11834

NOMBRE EVALUATIONS: 6/5
**********************************************

**********************************************
wt40-1.txt
SOLUTION FINALE: 
	    6   24   36   17   19   22    3   38    7   13   12   23   15    4   32   27   34   18   16   37   31    2   20    5   29    1   28   21   35    8   33   30    0   14   11   10   26   39    9   25	Fitness:   7992

NOMBRE EVALUATIONS: 101/100
**********************************************

**********************************************
wt40-1.txt
SOLUTION FINALE: 
	   10   32    9   20   24    1   16    0   23   15   14   19    6    2   17    4   31    7   13   27   37   11   21   25    5   38   22   28   35   18   12   36   33    3   29   39   26   34    8   30	Fitness:  15483

NOMBRE EVALUATIONS: 11/10
**********************************************

**********************************************
wt40-1.txt
SOLUTION FINALE: 
	   29    0   33   30   12   26    8   10   17   23   11    3   37   15   25    7   36   22   28   19   27   20   39    6    1   13    5    4    9   24   31   14    2   34   32   18   35   38   21   16	Fitness:  11741

NOMBRE EVALUATIONS: 11/10
**********************************************

**********************************************
wt40-1.txt
SOLUTION FINALE: 
	    2   38   10   25   23    8   26    9   18   15   36    1   28   30   35   31    3    4   24   22   37   19    0   17   16   14   12   29    6   33   27    7    5   11   39   20   21   34   32   13	Fitness:  12466

NOMBRE EVALUATIONS: 11/10
**********************************************

**********************************************
wt40-1.txt
SOLUTION FINALE: 
	   31   23    4   36    5   13   32   25   27    6   30   19   28   29   18    7   14   33   38   12   37    1    0   34   11   24   39   20    2   16   26   15   17   10   21    8    3    9   35   22	Fitness:  12173

NOMBRE EVALUATIONS: 11/10
**********************************************

**********************************************
wt40-1.txt
SOLUTION FINALE: 
	   36    7   18    4   38   28    0    9   16   25   15   22   13   19    3   29    5   24   20   34   30   37   21   14   11    1   23   17    2   12   39   31   10    6   35    8   27   26   32   33	Fitness:  16912

NOMBRE EVALUATIONS: 11/10
**********************************************

**********************************************
wt40-1.txt
SOLUTION FINALE: 
	   28    2   25   21   36    7   20    1    3   26   32   22    0   16   12   37   35   17   13    4   14   33   19   38   18   27    5    9    8   39   29   23   10   15   34   31    6   11   24   30	Fitness:  12153

NOMBRE EVALUATIONS: 11/10
**********************************************

**********************************************
wt40-1.txt
SOLUTION FINALE: 
	    9    4   26   21   37   38    7   22   32    2    0   18   28   31   24   11    6    8   19   36   10   23    5   39   20    3   16   14   29   17   15   13   33   30   27   35   25   12    1   34	Fitness:  14271

NOMBRE EVALUATIONS: 10/10
**********************************************

**********************************************
wt40-1.txt
SOLUTION FINALE: 
	   37   18   28   13   11    8   35    3    5   12    9   29   23    2   20   27   31   26   30    0   33    7   10   34   19   24   38   39   36    6   14   21   32   22    4   15   16    1   17   25	Fitness:  12984

NOMBRE EVALUATIONS: 11/10
**********************************************

**********************************************
wt40-1.txt
SOLUTION FINALE: 
	   21   31   13   38    9   25   33   37   20    3   27   39   12    6    8   15   19    1   26    5   30    2   28   29   23    0   17   36   18   35   16   14   11   32   24   10    7   22    4   34	Fitness:  16200

NOMBRE EVALUATIONS: 11/10
**********************************************

**********************************************
wt40-1.txt
SOLUTION FINALE: 
	   18   27   12    0   10   38   15   21   28   11    7   37    9   32   35   25   26   16   34    2   20   39   23   13    6    5    1   24   31    8   36   14   22   30    4   19    3   29   33   17	Fitness:  15405

NOMBRE EVALUATIONS: 11/10
**********************************************

**********************************************
wt40-1.txt
SOLUTION FINALE: 
	   22   31    8    1   32   17   19   16   23   28    7   38   37   39   29    5   21   33   12   20    3   35   34   24   11    9   36   10   18    0   14   26    2   27    4    6   25   30   13   15	Fitness:   7615

NOMBRE EVALUATIONS: 10/10
**********************************************

**********************************************
wt40-1.txt
SOLUTION FINALE: 
	    7   19    2   11   27   28   16   23    1   20   25    3    5   13   12   34   30   31   38    8    0   18   26   15   21   39   22    9   35    4   37   29   33   32   14   17   24    6   36   10	Fitness:  12333

NOMBRE EVALUATIONS: 11/10
**********************************************

**********************************************
wt40-1.txt
SOLUTION FINALE: 
	    6   34   23   17   15    8    9   33    4   31   25   20   26    3   12   10   37    1   32   27   30   19    2   28   38   36    0   22   39   21   24    7   18   35   14   13   16   29    5   11	Fitness:  11586

NOMBRE EVALUATIONS: 10/10
**********************************************

**********************************************
wt40-1.txt
SOLUTION FINALE: 
	   28   31   26    3   18   16   30   25   17   12   34   27    2   13   32   35   24   29   19    7   33   36    0    4   23   39   38   14   15   22   37    9   11    1    8   20   21    5   10    6	Fitness:  12555

NOMBRE EVALUATIONS: 10/10
**********************************************

**********************************************
wt40-1.txt
SOLUTION FINALE: 
	   12    0   17    9   29   32   39    6   22   27   30   33   28    1   37   38    3   18    4   19   25   13    8   16    5   36   10   21    2   15    7   20   35   31   34   23   14   11   26   24	Fitness:  13262

NOMBRE EVALUATIONS: 100/100
**********************************************

**********************************************
wt40-1.txt
SOLUTION FINALE: 
	   34   10   25   12   38   27   36   33   33    3   26   11    5    0   13   16   37   37   37   37    5   22   21    6    4   19   19    1   17   32    7   30   30   20   20   13    8   14   15   31	Fitness:      0

NOMBRE EVALUATIONS: 42/6000
**********************************************

**********************************************
wt40-1.txt
SOLUTION FINALE: 
	   27    1   36   31   26   20   22   14   18   39    3    2   17   37   25   32    6   34   34    0   16   38   38   35    8   11    5    7   19   28   24   13   33    4   21    9   30   23   23   15	Fitness:   2618

NOMBRE EVALUATIONS: 10/10
**********************************************

**********************************************
wt40-1.txt
SOLUTION FINALE: 
	   17    9   32   36   12   11   23   27   18   38   25   24   34   14   21    7   33   22   37   35   29    5    8    2   15    6    0   10   26    1    4   19   13   16   28   30    3   20   31   39	Fitness:   9845

NOMBRE EVALUATIONS: 10/10
**********************************************

**********************************************
wt40-1.txt
SOLUTION FINALE: 
	   26   16   27   10   29    0   13   22   34   24   20   35   36   37   33   19    9    6    5    4    1   30    7   38    8   32   25   14   23    2   15    3   39   31   28   11   17   21   18   12	Fitness:   4283

NOMBRE EVALUATIONS: 6000/6000
**********************************************

**********************************************
wt40-1.txt
SOLUTION FINALE: 
	   39   32   30    0   27   28   13    9   33   26    8   35   21    5   31    4    1   17   16   34   11   23   37   36   22   29   38   10   24   19   18   12   20    3    2    7   25    6   15   14	Fitness:   7992

NOMBRE EVALUATIONS: 6000/6000
**********************************************

**********************************************
wt40-1.txt
SOLUTION FINALE: 
	   31   36   27   15    6   25    8   38    2   22    5   26   11   32   30   24   13    1   35    4   34   10   33    3    9   37    7   19   17   16   29   14   20   39   23   28   18   21   12    0	Fitness:   3714

NOMBRE EVALUATIONS: 6000/6000
**********************************************

**********************************************
wt40-1.txt
SOLUTION FINALE: 
	   19   33   18   34    1   24    4    9   37   22   15   11   27   25   13    0    3   35   32    6    5    8   21   30    7   23   36   29   26   28   14    2   17   20   31   12   38   10   16   39	Fitness:   6534

NOMBRE EVALUATIONS: 6000/6000
**********************************************

**********************************************
wt40-1.txt
SOLUTION FINALE: 
	   18   24   22   27   34   25   29   33   37   21    1    5   16   35   11   19   26   10   32    3   14   30   13   12    8   17   31   28    0    2    9   15    4   20   39   36    7   38   23    6	Fitness:   4284

NOMBRE EVALUATIONS: 6000/6000
**********************************************

**********************************************
wt40-1.txt
SOLUTION FINALE: 
	   37   26   22   16    5   34   36   19   21   13   25   33   30    4    1   24   18   11    2   15    0   35   32   28   10   20    3    7   29    9   27   14    8   31   17   23   39   38    6   12	Fitness:   2041

NOMBRE EVALUATIONS: 6000/6000
**********************************************

**********************************************
wt40-1.txt
SOLUTION FINALE: 
	   10   34   11   26   19   32   16    1   36   37    5    2   21   24   13   22   35   33   25   15   12   14   30   27    6   39   23   17    0    8    4    9   20    3   28   31    7   18   29   38	Fitness:   3822

NOMBRE EVALUATIONS: 6000/6000
**********************************************

**********************************************
wt40-1.txt
SOLUTION FINALE: 
	   13   21   34   22   19   27   24   33   16    5   37   35   25   32   14    1   11   18   36   10   12    2   29    4    9    3    8   15   31   28   17    7   20   39   23   26    0   30    6   38	Fitness:   5004

NOMBRE EVALUATIONS: 6000/6000
**********************************************

**********************************************
wt40-1.txt
SOLUTION FINALE: 
	   35   37   36    4   21   34   16   22   19   24   32    5   10   30   11   14   25   33    0    1   27   18   26    6    2   29   13    3   28    8   20    7   39    9   23   31   17   15   38   12	Fitness:   2038

NOMBRE EVALUATIONS: 6000/6000
**********************************************

**********************************************
wt40-1.txt
SOLUTION FINALE: 
	   36   26   32   22   19   21   27   34   11   24   30   37   16    6    1   35    8   14   10    9    3   28   23   18   25   33   20    7    5   15    2    4   39   31   38    0   12   13   17   29	Fitness:   4202

NOMBRE EVALUATIONS: 6000/6000
**********************************************

**********************************************
wt40-1.txt
SOLUTION FINALE: 
	   35   36   30   14   34   32   24    1   16   26   33   25   13   10   22   27   21   19    4   37   12   18   28    9   17   39    7    3   29    8   15    2   20   23   31    5   11    0   38    6	Fitness:   4999

NOMBRE EVALUATIONS: 6000/6000
**********************************************
