
**********************************************
wt100-2.txt
SOLUTION FINALE: 
	   44   37   43   15    2   95    4   28   30   57   63   21   79   24   23   50   11   91   42    8   20   35    9   17   77   36   34   16   52    0    7   12   14   59   39   75   76   89   83   87   69   82   40   25   81   33    1   10   86   32   13   26   70   53   45   54   85   78   49   22   46   58   71   67   64   72   48   41   80   27   19   73   29    3   88   74   61    5   60   65   93   51   38   66   68   31   55   18    6   56   47   62   84   92   90   94   99   97   98   96	Fitness:   7922

NOMBRE EVALUATIONS: 6000/6000
**********************************************

**********************************************
wt40-1.txt
SOLUTION FINALE: 
	   33   15   34   10   22   19   29   16    0    8   11   18   36   24   35   30    1   37   25   13   26   39   21    2    3    5    4   14   32    9   27   17   23   31   20   28    6    7   38   12	Fitness:   1700

NOMBRE EVALUATIONS: 6000/6000
**********************************************

**********************************************
wt40-1.txt
SOLUTION FINALE: 
	   25    4   28   36   17   26   37   19    0   18    1   33   16    2   21   22   32   24   30    5   11   34   10   20   35   15   29   27    8    6   13   14   31    3   23   39    9    7   38   12	Fitness:   1490

NOMBRE EVALUATIONS: 6000/6000
**********************************************

**********************************************
wt40-1.txt
SOLUTION FINALE: 
	   14   35    5   37   21   26   22   32    1   36   18   10   24   34   30   33   27   19   25   11   16    6   29   13   20    4    8   15   17    9    0    3    2   28   23   31   39    7   38   12	Fitness:    956

NOMBRE EVALUATIONS: 6000/6000
**********************************************

**********************************************
wt40-1.txt
SOLUTION FINALE: 
	    1   19   21   30   18   11    8   22    5   34   13   32    3   35    9   37   36   25   33   24   26    4   16   10    6   15   29   14    2   31    0   27   23   20   28   17   39    7   38   12	Fitness:    956

NOMBRE EVALUATIONS: 6000/6000
**********************************************

**********************************************
wt40-1.txt
SOLUTION FINALE: 
	   34    0   35   25   27    1    8   14    5    3   24   11   37   13   18   30   36   26   32   22   19   16   21   33    6   10   20   29    4   23    9   15    2   39   28   17   31    7   38   12	Fitness:    930

NOMBRE EVALUATIONS: 6000/6000
**********************************************

**********************************************
wt40-1.txt
SOLUTION FINALE: 
	   36   34   10   33    1   22    5   26   24   19   16   25   18    2   37   21    6   11   32   15   13   35    4   27   29    0   30    3    9    8   14   20   28   23   39   17   31    7   38   12	Fitness:    930

NOMBRE EVALUATIONS: 6000/6000
**********************************************

**********************************************
wt40-1.txt
SOLUTION FINALE: 
	   33   35    8    0   37   30   16   26   19   34   11   14   22    1   32    5   18   36   25    4   15    3   21   24   10   29    2   39    6   13   27   31   17   23   20   28    9    7   38   12	Fitness:   1490

NOMBRE EVALUATIONS: 6000/6000
**********************************************

**********************************************
wt40-1.txt
SOLUTION FINALE: 
	   11    5   24    0   13   34   16   22   33   35   26    1    8   21   19   37    6   27   32   36    4   14   10   29    9   18   25    2   20   30   28   15   17    3   23   31   39    7   38   12	Fitness:    956

NOMBRE EVALUATIONS: 6000/6000
**********************************************

**********************************************
wt40-1.txt
SOLUTION FINALE: 
	    7   19   14   18   36   11   34   35   10   17   27    8    4   16   29   25   21   13   24   37    1    6   32   38    5   33    0   22   30    9   26   20    2    3   39   28   31   23   15   12	Fitness:   1910

NOMBRE EVALUATIONS: 6000/6000
**********************************************

**********************************************
wt40-1.txt
SOLUTION FINALE: 
	   16    1   30   28   31   33   29   11   32   14   36   15    5   20   10   21    0   18   25   34   37   24   35   27   22   19    4    6   26    9   13    8    2    3   23   17   39    7   38   12	Fitness:    956

NOMBRE EVALUATIONS: 6000/6000
**********************************************

**********************************************
wt40-1.txt
SOLUTION FINALE: 
	   25    3    1   13   39   22   33    8    5   11    9   21   24   26   19   16   37   29   35   18   30    6   34   36   10    4   32   15   27   31    2   14   20   23   28   17    0    7   38   12	Fitness:   1096

NOMBRE EVALUATIONS: 6000/6000
**********************************************

**********************************************
wt40-1.txt
SOLUTION FINALE: 
	   18   10   21   29    4   17   37   13   25   22   36   35    5   24   16   19   33   34   26   14    1    6   30   32   27   11   15    9    0    2   20    8   28    3   23   31   39    7   38   12	Fitness:    956

NOMBRE EVALUATIONS: 6000/6000
**********************************************

**********************************************
wt40-1.txt
SOLUTION FINALE: 
	   30   17   27    3   21    5    8   38   10   15    0   25    4   19   35   24   16   37   33   26   14   22   23   18   13    1   34   11   36   32    6   29    2   20   39   28   31    9    7   12	Fitness:   1379

NOMBRE EVALUATIONS: 6000/6000
**********************************************

**********************************************
wt40-1.txt
SOLUTION FINALE: 
	   14   38   15   19   18   27   10   26   35   21    5   37   11   32   36   33    6   24    1   13   29   34    2   25   22    0   16    9    4   30    3    8   28   20   39   17   31   23    7   12	Fitness:   1012

NOMBRE EVALUATIONS: 6000/6000
**********************************************

**********************************************
wt40-1.txt
SOLUTION FINALE: 
	   14   33    2   23    5   26   37   25   18   22    4   27   11   35    9   34   10   13    6   32   36   19   21   16   24    0   30    1   29   15    8    3   17   20   28   31   39    7   38   12	Fitness:    956

NOMBRE EVALUATIONS: 6000/6000
**********************************************

**********************************************
wt40-1.txt
SOLUTION FINALE: 
	    5   23   34    4   22   26   17   18   30   33   29   16   32   21   24   36   11   19   13    1   35   37    6   25    9   10   27    8    0   14   15    2    3   20   31   28   39    7   38   12	Fitness:    956

NOMBRE EVALUATIONS: 6000/6000
**********************************************

**********************************************
wt40-1.txt
SOLUTION FINALE: 
	   29    6   25   27   11   17   26   22   36    9    4   33   30    0   32    5    1   21   13    8   37   10   24   35   34   19   20   15   18   16   23    2   14    3   28   31   39    7   38   12	Fitness:    956

NOMBRE EVALUATIONS: 6000/6000
**********************************************

**********************************************
wt40-1.txt
SOLUTION FINALE: 
	   29    9   31    5   27    4   23   18   16   24   32   34   36   33    1   21   13   25   26   11   35   10   37   19   22    6   20    0   14   38    2   30   39    8    3   17   28   15    7   12	Fitness:   1508

NOMBRE EVALUATIONS: 6000/6000
**********************************************
